05101423243835
04092425274540
01051132404543
19363941465138
10111941505403
06162032385134
07111932335130
11122030323453
07111315265136
10243132384414
05161837424610
17253031364120
04121523244144
08202735364718
05091118193750
01020813233909
04182231324008
01152336435412
06101247485135
22233243445115
09122126295224
03323641445345
09121624435139
07082736445349
14151830364919
20272831394710
04172325344624
21313541465023
01031419354120
31344042434916
29334344455041
05081131374252
14182935444954
01263640505431
06151724404539
04091316184930
01020913323552
02101530345003
13183536414847
07132445475233
03091221515207
02081244465209
19323637425428
02030623343650
12263335364401
20242941474922
01162225474821
11122642505417
05082337385455
01020318255014
02091646525550
02193949515320
05132637535528
09374550535440
27384042465505
03142635445425
05343542495221
06070821323927
11122228465007
05233741435325
02032025384412
22232735374619
07080913284412
07111318264249
07182629313534
08093637395007
04070834374724
01073135465551
04112435414517
18252846505115
04073035374501
03212526515537
06273341424922
12242830363915
02071516414519
03101523415335
01103044455004
21263638405011
15192451535529
01070809394352
12294248545518
01202931435316
21222937415033
08101925364607
09252630425419
16222829354345
01022124505233
11143236424820
05072432454901
08162328444945
04050717203809
04103237475249
02061322404812
14171823415240
09202731484942
01021746474944
15202328394919
03142835505229
11404346495537
01082433344120
01303845485012
09131415545522
05273539465231
03073143515326
20213942515301
07091725313206
12243334365305
01222531364841
04293537425419
02101426455420
02102627313839
04171935495509
16184143465535
17182440414606
23262931365455
12192229324625
01072023253814
23273337394944
16323337404815
03162324384248
02060834394311
01092638545551
03062937444924
13313845535546
33354552535525
04050817354739
24252629364840
07122831404415
09131718465026
03151825262919
05071722323306
11212632515205
11161826464742
09232539525338
04132327293514
03153245485455
14152130444748
16173137415234
02081923253332
06081323465501
17182139404303
11313343485123
03122324303301
30323447484950
04152224435148
02304548495341
06101620272924
08151821244922
04192334385001
05142227314048
11132834444710
07313337465228
11183437505320
21243337404652
11162225304009
01052731475041
06111617415507
11122432414803
03091520394904
24293233495509
16173133424414
29303638455246
06103446485147
07333639515511
09121423324631
14182738395302
10111532404827
02101531394823
05222842495436
02082021283605
08182029343751
04111521242707
09111224354315
13172842454950
04060726404409
02052830465049
08213243485338
03323546474951
01081728405021
02030613141709
08122935515434
03071232345538
03072832333722
03091217344246
05061642485103
10274650515501
05161737464935
12212344474843
05282934424617
01112234424730
02051017354121
01030613213036
16232931454819
08091521444916
01122227303946
03111542445441
14172023254534
19222343475303
22283139525314
03051922293915
03252632414705
13162140495254
12222629454715
09233340444917
17222428374406
03101125405417
03052328354408
10232742515220
03051220253341
10131623304924
09132327394249
03060931485453
01051137394431
02111436495553
14174952535512
01091517252608
08172433344455
03081635395229
03091721235115
05203342435040
08364243505230
02192127374612
23313745495418
10113847535551
03050911454840
12223135404708
07131426425411
04061322293052
13142234355554
13294246515336
01142240525521
31353844495524
20273343535448
15202641455510
10192028344429
11232735364637
20272832475041
02141544465018
01121734484947
08152641435346
05081428374041
12182229325251
03101115293450
16193039435221
08091634424345
04151934404249
01020320464831
01152351535526
02142033414727
18243134354452
09162634444919
18212535445304
10182224354053
08283235404534
07183242465328
03093041465222
15192840444814
03233743444927
03151835505432
01040920222648
16262938475113
01203041465048
10141936484903
01083132375553
09132021364332
16293233525305
07081524264810
08101224404451
20212231434530
16222333363845
01112226335104
03051340414552
02101617333620
01020317265350
03060708094924
19214849545527
06112022262836
06111521304010
08283033404324
06101318293853
11122931375341
13213342535544
04123544505519
15223132333751
17313334374035
10243141424720
18202426334155
10133036515416
02081023273547
02051320304935
06091522295325
13234045525509
24314546475404
09152341495152
01092328425449
03143435404923
09293244495305
06101931344337
02093345525401
04051446525403
05293639465348
04172540425102
06091526353834
05232945505201
04121931334051
04242931394138
15182532425210
05102132395241
03313441525316
02032533445017
03081221325107
01183945484926
13242526273004
09111920264217
01061718214122
07173642435044
04081627324023
19253132394708
09112426385341
10303848545546
04071617303927
19203440495101
16222933464755
10111223274809
13202332515242
13142935415525
20242730334521
07173135384616
06091939505437
18293233454940
10364244455414
03142638434710
02082234394113
02052330424534
12333940485335
07123843515515
04082123404344
05223841474929
04070826374429
10293031375150
08363943485040
04174251535529
21394851535505
09122946485303
05111434515316
01102126424325
02162627364031
09142341455013
18202250515335
12151631435511
18192237474846
02153435485032
03061617445028
01121937445218
01030625294112
10172427363933
09121636415535
06081822495210
19213335384004
21243538424734
07293045505515
07193841424704
01182628535514
08091032445015
21293641505242
09111627354051
07183842475108
05203342434926
01091542495048
03303334404726
04051419223743
18222528293450
05082034374251
03163034505548
05061218235426
10172628293221
02222628445527
12142629334050
04142642445548
08111622425413
17202129525451
08111719254753
03041739505153
10112633444655
13181923324311
14314547525413
09151825314946
01202433405546
12182830475041
02031123355406
06102047525546
13183436454937
09121925415438
04141821325302
25283234353907
26363738424946
27323637474850
01032033365149
07243249515444
05132136394806
03112129475550
09172326515432
14153140434912
08093440415413
05112130404820
23253036455253
02141924273448
12202538394037
01141843495008
03354142434931
10121417295325
03092021335250
07081131353645
01101113275519
12194041435323
04182430535513
04061016304634
12313233394114
02060916435319
01041315182022
09192830325422
18193039454611
01082534384428
07232947515512
19353849525501
05151619495503
02152225304610
04132747505531
11122324344743
01040821444952
12134142485320
04193142485522
06121634395419
08122432355121
01030822424844
03212532355234
07091130435310
02151623335445
05182745505409
05093343445046
02182846525419
09101219274055
02063847505314
05111819202152
04102038485305
03091018294536
07243235485001
03101117265421
03040614203835
05223234435112
02051120243206
03132228305316
06143137384404
04123147495202
02192134545524
03112034445416
06071626295404
13182930404704
10152021325108
02052124262711
03122426364308
02123339525344
03252844495419
01112930415104
22414446515202
14182832333641
01202426355112
21353638444714
01041428355302
11222447495303
07091822355450
09121922314620
22474852535514
18252737455052
20212430314440
13141517265321
01052843445349
04070829314138
05081518364506
12284142525350
07101315404801
01060713305534
03060719385450
12142223394428
11142932334035
10182021265152
05104750535422
12192829525320
08384147505245
03142537495453
08333847495431
02031221243814
12212227415034
03313336383908
09111416212354
08181920435450
02222746485223
01020618345152
12283033455215
02051939485306
04202225434712
05111534444835
06172734365148
12152328454843
08141920495128
04071920225323
18192931365250
01203644454952
06101224344315
05193241424517
10282930373836
02173233384537
03313436445445
03143236414654
10111335384914
15252735404845
14203234374931
10111629353803
11193441444843
01243341435148
04081115174123
02152527375153
07192326354511
05070922425447
07112238485153
10192429464805
19232934445335
01044244465009
13152829324449
05222543485318
09202231475218
12313941455534
07163242444735
03041634405502
02071718212919
04133136405430
28434450515313
06223233355312
15202129314134
03111431344224
04101121234450
02051022264753
01020432343920
16192123304806
09193240455101
06112430505222
23294546495101
02092123334145
18243439465504
15182935475420
04051225434427
07192023365509
03314546495440
17243841465451
16182025353617
09131733345331
19202429363922
05111720263712
02111719475122
13182434385408
02043438415519
27333438464805
08111622283045
12131617274749
25333945495536
05082742475136
04151629424636
18253843475111
05111725394822
01040521254445
